"C:\\Users\\giovanni\\Desktop\\Tercer a\u00f1o\\Ingenieria de Software 2\\(2)-Patrones de Arquitectura y Programaci\u00f3n\\tp2_chatgpt.py": {
      "comment_ratio": 21.86525265127885,
      "cyclomatic_complexity": 7,
      "fanout_external": 2,
      "fanout_internal": 0,
      "halstead_bugprop": 0.5160385000621595,
      "halstead_difficulty": 20.46875,
      "halstead_effort": 31687.989144441977,
      "halstead_timerequired": 1760.4438413578875,
      "halstead_volume": 1548.1155001864784,
      "lang": [
        "Python"
      ],
      "loc": 1,
      "operands_sum": 131,
      "operands_uniq": 48,
      "operators_sum": 128,
      "operators_uniq": 15
    }
  },
  "overall": {
    "comment_ratio": 21.86525265127885,
    "cyclomatic_complexity": 7,
    "fanout_external": 2,
    "fanout_internal": 0,
    "halstead_bugprop": 0.5160385000621595,
    "halstead_difficulty": 20.46875,
    "halstead_effort": 31687.989144441977,
    "halstead_timerequired": 1760.4438413578875,
    "halstead_volume": 1548.1155001864784,
    "loc": 1,
    "maintainability_index": 100,
    "operands_sum": 131,
    "operands_uniq": 48,
    "operators_sum": 128,
    "operators_uniq": 15,
    "pylint": 100.0,
    "tiobe": 87.72727272727272,
    "tiobe_compiler": 100.0,
    "tiobe_complexity": 18.181818181818183,
    "tiobe_coverage": 100.0,
    "tiobe_duplication": 100.0,
    "tiobe_fanout": 100.0,
    "tiobe_functional": 100.0,
    "tiobe_security": 100.0,
    "tiobe_standard": 100.0
  },
  "stats": {
    "max": {
      "comment_ratio": 21.86525265127885,
      "cyclomatic_complexity": 7,
      "fanout_external": 2,
      "fanout_internal": 0,
      "halstead_bugprop": 0.5160385000621595,
      "halstead_difficulty": 20.46875,
      "halstead_effort": 31687.989144441977,
      "halstead_timerequired": 1760.4438413578875,
      "halstead_volume": 1548.1155001864784,
      "loc": 1,
      "operands_sum": 131,
      "operands_uniq": 48,
      "operators_sum": 128,
      "operators_uniq": 15
    },
    "mean": {
      "comment_ratio": 21.86525265127885,
      "cyclomatic_complexity": 7,
      "fanout_external": 2,
      "fanout_internal": 0,
      "halstead_bugprop": 0.5160385000621595,
      "halstead_difficulty": 20.46875,
      "halstead_effort": 31687.989144441977,
      "halstead_timerequired": 1760.4438413578875,
      "halstead_volume": 1548.1155001864784,
      "loc": 1,
      "operands_sum": 131,
      "operands_uniq": 48,
      "operators_sum": 128,
      "operators_uniq": 15
    },
    "median": {
      "comment_ratio": 21.86525265127885,
      "cyclomatic_complexity": 7,
      "fanout_external": 2,
      "fanout_internal": 0,
      "halstead_bugprop": 0.5160385000621595,
      "halstead_difficulty": 20.46875,
      "halstead_effort": 31687.989144441977,
      "halstead_timerequired": 1760.4438413578875,
      "halstead_volume": 1548.1155001864784,
      "loc": 1,
      "operands_sum": 131,
      "operands_uniq": 48,
      "operators_sum": 128,
      "operators_uniq": 15
    },
    "min": {
      "comment_ratio": 21.86525265127885,
      "cyclomatic_complexity": 7,
      "fanout_external": 2,
      "fanout_internal": 0,
      "halstead_bugprop": 0.5160385000621595,
      "halstead_difficulty": 20.46875,
      "halstead_effort": 31687.989144441977,
      "halstead_timerequired": 1760.4438413578875,
      "halstead_volume": 1548.1155001864784,
      "loc": 1,
      "operands_sum": 131,
      "operands_uniq": 48,
      "operators_sum": 128,
      "operators_uniq": 15
    }
  }
}
